20110176|5654033|1544239716|1546918116
20120184|5751594|1544232516|1546910916
20120194|5409576|1544250519|1546865919
20130244|6707454|1544167700|1546759700
20130258|5323567|1544171326|1546763326
20140178|5387765|1544088514|1546680514
20140178|5649135|1544149710|1546741710
20140256|5709677|1544070516|1546662516
20150156|5405437|1543984111|1546576111
20150367|5707434|1543994919|1546586919
20160199|5614517|1543980518|1546572518
20160245|5630764|1543969717|1546561717
20170127|5701711|1543915718|1546507718
20170256|5692819|1543890514|1546482513
20170302|5536680|1544160512|1546752512
20180123|5639147|1543883313|1546475313
20180167|5536678|1543825714|1546417714
20180374|5705022|1543818515|1546410515
20180465|5600217|1544063315|1546655310
20181034|5600216|1543804112|1546396112
